#include <iostream>
using namespace std;

typedef struct reinforce{
	float success;
	float fail;
	float conservation;
	float distory;
	int cost;
}reinforce;

ll meso[10000];
reinforce up[] {
	{0,0,0,0,0},
	{95,5,0,0,32100},
	{90,10,0,0,64100},
	{85,15,0,0,96100},
	{85,15,0,0,1281000},
	{80,20,0,0,1601000},
	{75,25,0,0,1921000},
	{70,0,30,0,2241000},
	{65,0,35,0,2561000},
	{60,0,35,0,2881000},
	{55,0,45,0,3201000},
	{45,55,0,0,12966500},
	{35,0,65,0,16400100},
	{30,0,69.3,0.7,20356300},
	{30,0,68.6,1.4,24865300},
	{30,0,68.6,1.4,29956500},
	{30,67.9,0,2.1,71316500},
	{30,0,67.9,2.1,83999600},
	{30,0,67.9,2.1,98016700},
	{30,0,67.2,2.8,113422300},
	{30,0,67.2,2.8,130270000},
	{30,63.0,0,7,148612400},
	{30,0,63,7,168501500},
	{3,0,78,19,189988600},
	{2,0,69,29,213124000},
	{1,0,59,40,237957700}
}


int main(){
	for(int i=0;i<10000;i++){
		int idx = 0;
		while(idx > 25){
			
		}
	}
}
